CARBON_OFFSET_PRICE_PER_TONNE_USD=30

H20B_ID=0.0.30861311

SEUN_SWAP_CONTRACT_ID=0.0.30897088

OPERATOR_ID=0.0.14410
OPERATOR_PRIVATE_KEY=302e020100300506032b657004220420c2b949ec8f503faaa1533e20d29378a67a0e35e46affef9d296a84354c299367
OPERATOR_PUBLIC_KEY=302a300506032b65700321009195ba61f7ee96660284de8aa40bf469c638f00d6bd6f9de3b86109b21473579

CERTIFICATE_IMAGE_URL=
